# Num Vertices = 12
# Gamma_2 = 1
# Far vertices = 1
# Equator length = 5
# North vertices = 2
# South vertices = 2

 ##### 

{ 0 3
0   (2,6,5,13,11)
3   (2,6,5,13,11)

0   [4,12]
2   (11,12,4,6)
6   (2,4,5)
5   (13,4,6)
13   (11,12,4,5)
11   (2,12,13)
4   (2,6,5,13,12)
12   (2,4,13,11)

3   [1,19]
2   (11,1,6)
6   (5,1,2)
5   (13,19,1,6)
13   (5,19,11)
11   (13,19,1,2)
1   (2,6,5,19,11)
19   (1,5,13,11)

4 1

0   { 2 4 5 11 12 13 }
3   { 1 2 5 11 13 19 }

16   [1,2,4,5,11,12,13,19]
}
0 3

 ###### 

{

triangulations/s3_t12.txt
{0: 4, 1: 6, 2: 7, 3: 3, 4: 1, 5: 0, 6: 9, 11: 5, 12: 10, 13: 2, 16: 8, 19: 11}

}

