# Num Vertices = 12
# Gamma_2 = 1
# Far vertices = 1
# Equator length = 5
# North vertices = 2
# South vertices = 2

 ##### 

{ 0 2
0   (3,6,4,12,11)
2   (3,6,4,12,11)

0   [5,13]
3   (11,13,5,6)
6   (3,5,4)
4   (12,13,5,6)
12   (4,13,11)
11   (3,13,12)
5   (3,6,4,13)
13   (3,5,4,12,11)

2   [1,16]
3   (11,1,6)
6   (4,1,3)
4   (12,16,1,6)
12   (4,16,11)
11   (12,16,1,3)
1   (3,6,4,16,11)
16   (1,4,12,11)

5 1
5 16
13 16

0   { 3 5 11 13 }
2   { 1 3 11 16 }

19   [1,3,5,11,13,16]
}
0 2

 ###### 

{

examples/s3_t12.txt
{0: 4, 1: 6, 2: 7, 3: 3, 4: 1, 5: 0, 6: 9, 11: 5, 12: 10, 13: 2, 16: 8, 19: 11}

}

